5
0
630.21
5
1999
1989
1979
1969
1959
Bakerloo line
4021135
12
0
630.21
5
1999
1989
1979
1969
1959
Central line
4021135
11
1
630.21
5
1999
1989
1979
1969
1959
Circle line
4021135
9
1
630.21
5
1999
1989
1979
1969
1959
District line
4021135
6
1
630.21
5
1999
1989
1979
1969
1959
Hammersmith & City line
4021135
2
0
630.21
5
1999
1989
1979
1969
1959
Jubilee line
4021135
10
1
630.21
5
1999
1989
1979
1969
1959
Metropolitan line
4021135
7
0
630.21
5
1999
1989
1979
1969
1959
Northern line
4021135
1
0
630.21
5
1999
1989
1979
1969
1959
Piccadily line
4021135
4
0
630.21
5
1999
1989
1979
1969
1959
Victoria line
4021135
3
0
630.21
5
1999
1989
1979
1969
1959
Waterloo & City line
4021135











